
          ＊＊＊　売上明細リスト　＊＊＊              DATE 23.01.10   PAGE     1

得意先： 0001 得意先１                                                          

受注日付    受注番号  商品番号  商品名                単  価    数量      金  額
                                                                                
2000/05/22    1020    20000   商品３                    1.00       1           1
              1234    56789   商品３                    1.00       1           1
              1742    66666   商品３                    1.00       1           1
              3333    62501   商品３                    1.00       1           1
              3687    41223   商品３                    1.00       1           1
              5454    66666   商品３                    1.00       1           1
              5454    66666   商品３                    1.00       1           1
              5454    66666   商品３                    1.00       1           1
              5454    66666   商品３                    1.00       1           1
              5454    66666   商品３                    1.00       1           1
              5454    66666   商品３                    1.00       1           1
              5454    66666   商品３                    1.00       1           1
              5454    66666   商品３                    1.00       1           1
              5454    66666   商品３                    1.00       1           1
              5454    66666   商品３                    1.00       1           1
              5454    66666   商品３                    1.00       1           1
              5454    66666   商品３                    1.00       1           1
              5632    00011   商品３                    1.00       1           1
              8624    14752   商品３                    1.00       1           1
              9853    21478   商品３                    1.00       1           1
                                                                                
2000/06/22    8888    55555   商品２                    1.00       1           1
              8888    55555   商品２                    1.00       1           1
              8888    55555   商品２                    1.00       1           1
              8888    55555   商品２                    1.00       1          -1
              8888    55555   商品２                    1.00       1          -1
              8888    55555   商品２                    1.00       1          -1
              8888    55555   商品２                    1.00       1          -1
              8888    55555   商品２                    1.00       1          -1
              8888    55555   商品２                    1.00       1          -1
              8888    55555   商品２                    1.00       1          -1
                                                                                
2000/11/22    0001    00001   商品４                    1.00       1           1
              0001    00001   商品４                    1.00       1           1
              0001    00001   商品４                    1.00       1           1
              0001    00001   商品４                    1.00       1           1
              0001    00001   商品４                    1.00       1           1
              0001    00001   商品４                    1.00       1           1
              0001    00001   商品４                    1.00       1           1
              0001    00001   商品４                    1.00       1           1
              0001    00001   商品４                    1.00       1           1
              0001    99999   商品４                    1.00       1           1
                                                                                
2005/06/22    1111    00022   商品５                    2.00       2           2
              9999    44444   商品１                    1.00       1           1
              9999    44444   商品１                    1.00       1           1
              9999    44444   商品１                    1.00       1           1
              9999    44444   商品１                    1.00       1           1
              9999    44444   商品１                    1.00       1           1
              9999    44444   商品１                    1.00       1           1
                                                                                
                                                  ＊ 得意先合計 ＊            34
                                                                                
          ＊＊＊　売上明細リスト　＊＊＊              DATE 23.01.10   PAGE     2

得意先： KK11 得意先２                                                          

受注日付    受注番号  商品番号  商品名                単  価    数量      金  額
                                                                                
2004/06/22    5544    00001   商品６               99,999.00     999  -9,989,000
                                                                                
                                                  ＊ 得意先合計 ＊    -9,989,000
                                                                                
          ＊＊＊　売上明細リスト　＊＊＊              DATE 23.01.10   PAGE     3

得意先： ZZZZ 得意先３                                                          

受注日付    受注番号  商品番号  商品名                単  価    数量      金  額
                                                                                
1995/06/22    5555    95321   商品９                   20.00     500      10,000
              5555    95321   商品９                   20.00     500      10,000
              5555    95321   商品９                   20.00     500      10,000
              5555    95321   商品９                   20.00     500      10,000
              5555    95321   商品９                   20.00     500      10,000
              5555    95321   商品９                   20.00     500      10,000
              5555    95321   商品９                   20.00     500      10,000
              5555    95321   商品９                   20.00     500      10,000
              5555    95321   商品９                   20.00     500      10,000
              5555    95321   商品９                   20.00     500      10,000
                                                                                
2002/10/10    9515    42354   商品８                   50.00      20      -5,000
              9515    42354   商品８                   50.00      20      -5,000
              9515    42354   商品８                   50.00      20      -5,000
              9515    42354   商品８                   50.00      20      -5,000
              9515    42354   商品８                   50.00      20      -5,000
              9515    42354   商品８                   50.00      20      -5,000
              9515    42354   商品８                   50.00      20      -5,000
              9515    42354   商品８                   50.00      20      -5,000
              9515    42354   商品８                   50.00      20      -5,000
              9515    42354   商品８                   50.00      20      -5,000
                                                                                
2004/06/22    5544    00001   商品７　　　　　　　    523.00     356    -100,000
              5544    00001   商品７　　　　　　　    523.00     356    -100,000
              5544    00001   商品７　　　　　　　    523.00     356    -100,000
              5544    00001   商品７　　　　　　　    523.00     356    -100,000
              5544    00001   商品７　　　　　　　    523.00     356    -100,000
              5544    00001   商品７　　　　　　　    523.00     356    -100,000
              5544    00001   商品７　　　　　　　    523.00     356    -100,000
              5544    00001   商品７　　　　　　　    523.00     356    -100,000
              5544    00001   商品７　　　　　　　    523.00     356    -100,000
              5544    00001   商品７　　　　　　　    523.00     356    -100,000
                                                                                
2005/05/30    5544    00001   商品７                  500.00     999    -450,000
              5544    00001   商品７                  500.00     999    -450,000
              5544    00001   商品７                  500.00     999    -450,000
              5544    00001   商品７                  500.00     999    -450,000
              5544    00001   商品７                  500.00     999    -450,000
              5544    00001   商品７                  500.00     999    -450,000
              5544    00001   商品７                  500.00     999    -450,000
              5544    00001   商品７                  500.00     999    -450,000
              5544    00001   商品７                  500.00     999    -450,000
              5544    00001   商品７                  500.00     999    -450,000
                                                                                
2005/06/10    9999    05620   商品１０                400.00     700    -180,000
              9999    05620   商品１０                400.00     700    -180,000
              9999    05620   商品１０                400.00     700    -180,000
              9999    05620   商品１０                400.00     700    -180,000
              9999    05620   商品１０                400.00     700    -180,000
                                                                                
                                                  ＊ 得意先合計 ＊    -6,350,000
