  000425   000425E
ABCDEFGH ABCDEFGHE
000A0101 000A0101E
00000A01 00000A01E
0000010A 0000010AE
20000001 20000001E
20001301 20001301E
20000100 20000100E
20000101 20000101 
20000131 20000131 
20000132 20000132E
20000200 20000200E
20000201 20000201 
20000228 20000228 
20000229 20000229 
20000230 20000230E
20000331 20000331 
20000332 20000332E
20000430 20000430 
20000431 20000431E
20000531 20000531 
20000532 20000532E
20000630 20000630 
20000631 20000631E
20000731 20000731 
20000732 20000732E
20000831 20000831 
20000832 20000832E
20000930 20000930 
20000931 20000931E
20001031 20001031 
20001032 20001032E
20001130 20001130 
20001131 20001131E
20001231 20001231 
20001232 20001232E
00000101 20000101 
00891231 20891231 
00900101 19900101 
00991231 19991231 
19000228 19000228 
19000229 19000229E
00010228 20010228 
00010229 20010229E
00040228 20040228 
00040229 20040229 
00040230 00040230E
